6.300790000000000113e+00 4.719521600000000094e-01
6.307059999999999889e+00 4.663531399999999993e-01
6.313340000000000174e+00 4.854019800000000107e-01
6.319630000000000081e+00 4.736928300000000092e-01
6.325919999999999987e+00 4.986730500000000066e-01
6.332209999999999894e+00 5.121973100000000167e-01
6.338519999999999932e+00 4.571698900000000232e-01
6.344829999999999970e+00 4.717195399999999927e-01
6.351140000000000008e+00 4.827562899999999768e-01
6.357470000000000176e+00 4.393274300000000188e-01
6.363800000000000345e+00 4.400861799999999935e-01
6.370129999999999626e+00 4.452247300000000130e-01
6.376470000000000304e+00 4.472973100000000035e-01
6.382819999999999716e+00 4.537420300000000184e-01
6.389170000000000016e+00 4.334252699999999736e-01
6.395529999999999937e+00 4.729534899999999764e-01
6.401900000000000368e+00 4.961086599999999791e-01
6.408269999999999911e+00 4.866265900000000255e-01
6.414649999999999963e+00 4.681962700000000255e-01
6.421039999999999637e+00 4.213422499999999737e-01
6.427430000000000199e+00 4.359922500000000256e-01
6.433830000000000382e+00 4.347566800000000065e-01
6.440240000000000187e+00 4.779880300000000082e-01
6.446649999999999991e+00 4.820664599999999744e-01
6.453059999999999796e+00 4.513458000000000192e-01
6.459489999999999732e+00 4.814733900000000011e-01
6.465919999999999668e+00 4.608678399999999731e-01
6.472360000000000113e+00 4.771991999999999901e-01
6.478799999999999670e+00 4.472556699999999941e-01
6.485249999999999737e+00 4.247902900000000148e-01
6.491710000000000313e+00 4.722274900000000275e-01
6.498170000000000002e+00 4.971661199999999892e-01
6.504640000000000200e+00 4.601717200000000063e-01
6.511110000000000397e+00 4.937374999999999958e-01
6.517590000000000217e+00 4.738719900000000207e-01
6.524079999999999657e+00 4.519377800000000112e-01
6.530579999999999607e+00 4.280584499999999792e-01
6.537079999999999558e+00 4.594144600000000245e-01
6.543590000000000018e+00 5.133467900000000528e-01
6.550099999999999589e+00 4.533296199999999887e-01
6.556619999999999671e+00 4.620025899999999908e-01
6.563150000000000261e+00 4.749203300000000016e-01
6.569679999999999964e+00 4.405341099999999788e-01
6.576220000000000176e+00 4.935480600000000106e-01
6.582770000000000010e+00 4.467332900000000051e-01
6.589319999999999844e+00 4.272654799999999753e-01
6.595880000000000187e+00 4.518226699999999818e-01
6.602450000000000152e+00 4.770342699999999825e-01
6.609020000000000117e+00 4.646497600000000228e-01
6.615599999999999703e+00 4.689987299999999748e-01
6.622189999999999799e+00 4.681304299999999863e-01
6.628779999999999895e+00 5.044316500000000092e-01
6.635379999999999612e+00 4.739706200000000091e-01
6.641980000000000217e+00 4.799595999999999862e-01
6.648590000000000444e+00 4.701661200000000207e-01
6.655210000000000292e+00 4.474174899999999733e-01
6.661839999999999762e+00 4.796393700000000093e-01
6.668470000000000120e+00 4.816677999999999793e-01
6.675110000000000099e+00 4.213874300000000073e-01
6.681750000000000078e+00 4.575239999999999863e-01
6.688410000000000188e+00 4.566144100000000261e-01
6.695059999999999789e+00 4.946120500000000253e-01
6.701730000000000409e+00 4.840559999999999863e-01
6.708400000000000141e+00 5.019209599999999716e-01
6.715080000000000382e+00 4.461629400000000079e-01
6.721759999999999735e+00 5.040570300000000170e-01
6.728460000000000107e+00 4.958777899999999850e-01
6.735149999999999970e+00 4.661157699999999848e-01
6.741859999999999964e+00 4.928784299999999785e-01
6.748569999999999958e+00 5.174907300000000099e-01
6.755289999999999573e+00 5.125650400000000273e-01
6.762010000000000076e+00 4.563562500000000188e-01
6.768749999999999822e+00 4.808637000000000050e-01
6.775479999999999947e+00 4.318475500000000245e-01
6.782230000000000203e+00 5.152422700000000022e-01
6.788979999999999571e+00 4.746719799999999934e-01
6.795740000000000336e+00 4.496799799999999792e-01
6.802500000000000213e+00 4.561632800000000043e-01
6.809280000000000221e+00 4.822335899999999898e-01
6.816060000000000230e+00 4.735696099999999742e-01
6.822840000000000238e+00 4.795540699999999990e-01
6.829629999999999868e+00 5.084135100000000129e-01
6.836430000000000007e+00 5.003817900000000485e-01
6.843239999999999768e+00 5.136416999999999788e-01
6.850050000000000416e+00 4.955217599999999778e-01
6.856869999999999798e+00 4.967458000000000151e-01
6.863699999999999690e+00 4.502894199999999958e-01
6.870529999999999582e+00 4.368518699999999755e-01
6.877369999999999983e+00 4.657023800000000269e-01
6.884210000000000385e+00 5.143260400000000399e-01
6.891070000000000029e+00 5.192572600000000538e-01
6.897929999999999673e+00 4.798803300000000216e-01
6.904790000000000205e+00 4.832562400000000036e-01
6.911669999999999980e+00 4.576718200000000070e-01
6.918549999999999756e+00 4.779354900000000184e-01
6.925440000000000040e+00 5.392628000000000421e-01
6.932330000000000325e+00 4.581687600000000082e-01
6.939230000000000231e+00 4.168564699999999790e-01
6.946139999999999759e+00 4.560784800000000083e-01
6.953050000000000175e+00 4.955319400000000041e-01
6.959979999999999833e+00 4.653174199999999816e-01
6.966910000000000380e+00 4.638574899999999834e-01
6.973840000000000039e+00 4.542786899999999850e-01
6.980780000000000207e+00 4.622749800000000020e-01
6.987729999999999997e+00 4.447323899999999774e-01
6.994690000000000296e+00 4.573074200000000200e-01
7.001649999999999707e+00 4.558078700000000039e-01
7.008619999999999628e+00 4.580727199999999888e-01
7.015600000000000058e+00 4.614381300000000019e-01
7.022579999999999600e+00 4.843180100000000210e-01
7.029580000000000162e+00 4.701227199999999939e-01
7.036570000000000213e+00 4.527890099999999918e-01
7.043580000000000396e+00 4.462377599999999833e-01
7.050589999999999691e+00 4.948911799999999861e-01
7.057610000000000383e+00 4.749855000000000049e-01
7.064630000000000187e+00 4.678581700000000176e-01
7.071670000000000122e+00 4.568046399999999840e-01
7.078710000000000058e+00 4.494762199999999819e-01
7.085749999999999993e+00 4.680024799999999985e-01
7.092810000000000059e+00 4.935303699999999960e-01
7.099870000000000125e+00 4.786144999999999983e-01
