6.300790000000000113e+00 5.256740399999999536e-01
6.307059999999999889e+00 4.625507500000000105e-01
6.313340000000000174e+00 4.636426100000000106e-01
6.319630000000000081e+00 4.985352900000000198e-01
6.325919999999999987e+00 5.108632199999999512e-01
6.332209999999999894e+00 4.443046199999999835e-01
6.338519999999999932e+00 4.803411799999999787e-01
6.344829999999999970e+00 4.819202200000000103e-01
6.351140000000000008e+00 4.589312400000000181e-01
6.357470000000000176e+00 4.276575300000000079e-01
6.363800000000000345e+00 4.563124599999999753e-01
6.370129999999999626e+00 4.519737600000000022e-01
6.376470000000000304e+00 4.203784300000000251e-01
6.382819999999999716e+00 5.115268099999999984e-01
6.389170000000000016e+00 4.409025400000000094e-01
6.395529999999999937e+00 4.964838200000000201e-01
6.401900000000000368e+00 5.015301800000000476e-01
6.408269999999999911e+00 4.476148899999999875e-01
6.414649999999999963e+00 4.883249000000000062e-01
6.421039999999999637e+00 4.533098700000000036e-01
6.427430000000000199e+00 4.678867099999999835e-01
6.433830000000000382e+00 5.179293200000000263e-01
6.440240000000000187e+00 4.595069299999999801e-01
6.446649999999999991e+00 4.633265100000000247e-01
6.453059999999999796e+00 4.796607399999999743e-01
6.459489999999999732e+00 4.804838000000000164e-01
6.465919999999999668e+00 4.718589000000000255e-01
6.472360000000000113e+00 4.731692499999999857e-01
6.478799999999999670e+00 5.062522299999999698e-01
6.485249999999999737e+00 4.858452999999999800e-01
6.491710000000000313e+00 4.949633600000000189e-01
6.498170000000000002e+00 4.795558699999999952e-01
6.504640000000000200e+00 4.953028899999999957e-01
6.511110000000000397e+00 4.503365500000000021e-01
6.517590000000000217e+00 4.643081800000000148e-01
6.524079999999999657e+00 4.664440100000000200e-01
6.530579999999999607e+00 4.571713900000000108e-01
6.537079999999999558e+00 5.125822500000000170e-01
6.543590000000000018e+00 5.540427999999999464e-01
6.550099999999999589e+00 4.904824700000000037e-01
6.556619999999999671e+00 5.512120400000000142e-01
6.563150000000000261e+00 5.008895199999999770e-01
6.569679999999999964e+00 5.316997199999999868e-01
6.576220000000000176e+00 5.264521199999999679e-01
6.582770000000000010e+00 4.991729300000000147e-01
6.589319999999999844e+00 5.194582100000000313e-01
6.595880000000000187e+00 5.162965600000000155e-01
6.602450000000000152e+00 5.179425600000000518e-01
6.609020000000000117e+00 4.829002800000000151e-01
6.615599999999999703e+00 4.813507100000000150e-01
6.622189999999999799e+00 4.811128199999999966e-01
6.628779999999999895e+00 4.887290599999999929e-01
6.635379999999999612e+00 4.970763400000000054e-01
6.641980000000000217e+00 4.681617800000000273e-01
6.648590000000000444e+00 5.054978700000000158e-01
6.655210000000000292e+00 5.110933899999999808e-01
6.661839999999999762e+00 4.945843799999999901e-01
6.668470000000000120e+00 5.114884400000000442e-01
6.675110000000000099e+00 4.669084600000000251e-01
6.681750000000000078e+00 5.166196600000000361e-01
6.688410000000000188e+00 5.370811699999999966e-01
6.695059999999999789e+00 4.790921100000000155e-01
6.701730000000000409e+00 4.905040600000000195e-01
6.708400000000000141e+00 5.153756800000000027e-01
6.715080000000000382e+00 5.056736200000000458e-01
6.721759999999999735e+00 4.892049299999999823e-01
6.728460000000000107e+00 4.480688199999999788e-01
6.735149999999999970e+00 5.216259100000000259e-01
6.741859999999999964e+00 5.660509700000000421e-01
6.748569999999999958e+00 5.242181700000000388e-01
6.755289999999999573e+00 5.900039200000000150e-01
6.762010000000000076e+00 5.081657699999999611e-01
6.768749999999999822e+00 4.903592500000000243e-01
6.775479999999999947e+00 5.487081999999999793e-01
6.782230000000000203e+00 5.444467299999999899e-01
6.788979999999999571e+00 5.032266399999999473e-01
6.795740000000000336e+00 5.317391599999999885e-01
6.802500000000000213e+00 4.873170700000000188e-01
6.809280000000000221e+00 5.188984800000000508e-01
6.816060000000000230e+00 5.316576499999999816e-01
6.822840000000000238e+00 5.427616299999999949e-01
6.829629999999999868e+00 4.953357999999999928e-01
6.836430000000000007e+00 5.268078299999999770e-01
6.843239999999999768e+00 5.150315100000000257e-01
6.850050000000000416e+00 5.366228699999999741e-01
6.856869999999999798e+00 5.309435599999999811e-01
6.863699999999999690e+00 5.438330599999999793e-01
6.870529999999999582e+00 5.891781799999999958e-01
6.877369999999999983e+00 5.805259999999999865e-01
6.884210000000000385e+00 5.484882300000000210e-01
6.891070000000000029e+00 5.658234500000000056e-01
6.897929999999999673e+00 5.671143299999999998e-01
6.904790000000000205e+00 5.766471300000000078e-01
6.911669999999999980e+00 5.000682899999999709e-01
6.918549999999999756e+00 5.527394500000000210e-01
6.925440000000000040e+00 4.452269099999999757e-01
6.932330000000000325e+00 4.707240400000000102e-01
6.939230000000000231e+00 5.283502799999999500e-01
6.946139999999999759e+00 5.438476800000000555e-01
6.953050000000000175e+00 5.024154499999999857e-01
6.959979999999999833e+00 4.876011399999999885e-01
6.966910000000000380e+00 5.294308199999999687e-01
6.973840000000000039e+00 5.464050799999999875e-01
6.980780000000000207e+00 4.900373100000000037e-01
6.987729999999999997e+00 5.423164900000000399e-01
6.994690000000000296e+00 4.865693999999999853e-01
7.001649999999999707e+00 5.218027299999999924e-01
7.008619999999999628e+00 5.480856200000000511e-01
7.015600000000000058e+00 5.031236900000000123e-01
7.022579999999999600e+00 4.968446999999999725e-01
7.029580000000000162e+00 5.386136900000000338e-01
7.036570000000000213e+00 5.100731699999999647e-01
7.043580000000000396e+00 5.397492299999999688e-01
7.050589999999999691e+00 5.707420600000000510e-01
7.057610000000000383e+00 4.884949399999999886e-01
7.064630000000000187e+00 5.123593699999999806e-01
7.071670000000000122e+00 5.222597500000000226e-01
7.078710000000000058e+00 5.831494200000000294e-01
7.085749999999999993e+00 5.726569599999999927e-01
7.092810000000000059e+00 4.801231899999999775e-01
7.099870000000000125e+00 4.838436999999999877e-01
