6.300790000000000113e+00 4.063977599999999968e-01
6.307059999999999889e+00 4.224193900000000057e-01
6.313340000000000174e+00 4.039787799999999818e-01
6.319630000000000081e+00 4.268760099999999724e-01
6.325919999999999987e+00 4.491311299999999895e-01
6.332209999999999894e+00 4.377856099999999917e-01
6.338519999999999932e+00 4.558549599999999757e-01
6.344829999999999970e+00 4.501209400000000249e-01
6.351140000000000008e+00 4.242641799999999908e-01
6.357470000000000176e+00 4.261495399999999933e-01
6.363800000000000345e+00 3.989116699999999960e-01
6.370129999999999626e+00 4.218052500000000204e-01
6.376470000000000304e+00 4.310560299999999789e-01
6.382819999999999716e+00 4.711719699999999955e-01
6.389170000000000016e+00 4.368034299999999925e-01
6.395529999999999937e+00 4.230539400000000172e-01
6.401900000000000368e+00 4.129872600000000227e-01
6.408269999999999911e+00 4.306985899999999923e-01
6.414649999999999963e+00 4.179216000000000042e-01
6.421039999999999637e+00 4.364050700000000060e-01
6.427430000000000199e+00 4.497748799999999880e-01
6.433830000000000382e+00 4.301470900000000097e-01
6.440240000000000187e+00 4.464943000000000106e-01
6.446649999999999991e+00 4.689898499999999859e-01
6.453059999999999796e+00 4.503071799999999736e-01
6.459489999999999732e+00 4.380025000000000168e-01
6.465919999999999668e+00 4.480562900000000237e-01
6.472360000000000113e+00 4.483220500000000275e-01
6.478799999999999670e+00 4.898826099999999961e-01
6.485249999999999737e+00 4.282418000000000058e-01
6.491710000000000313e+00 4.403542799999999868e-01
6.498170000000000002e+00 4.729897900000000210e-01
6.504640000000000200e+00 4.319678100000000076e-01
6.511110000000000397e+00 4.570104500000000125e-01
6.517590000000000217e+00 4.559962399999999971e-01
6.524079999999999657e+00 4.723233000000000015e-01
6.530579999999999607e+00 4.590953999999999868e-01
6.537079999999999558e+00 4.655940199999999973e-01
6.543590000000000018e+00 4.582586900000000241e-01
6.550099999999999589e+00 4.659082800000000080e-01
6.556619999999999671e+00 4.650683800000000034e-01
6.563150000000000261e+00 4.846296999999999966e-01
6.569679999999999964e+00 4.865295000000000036e-01
6.576220000000000176e+00 4.839364899999999969e-01
6.582770000000000010e+00 4.988478000000000079e-01
6.589319999999999844e+00 4.824644399999999944e-01
6.595880000000000187e+00 5.175210500000000380e-01
6.602450000000000152e+00 4.936397900000000227e-01
6.609020000000000117e+00 5.143031500000000422e-01
6.615599999999999703e+00 5.078665399999999774e-01
6.622189999999999799e+00 5.546228699999999900e-01
6.628779999999999895e+00 5.013323299999999927e-01
6.635379999999999612e+00 4.950218399999999908e-01
6.641980000000000217e+00 5.254592900000000233e-01
6.648590000000000444e+00 4.947438399999999903e-01
6.655210000000000292e+00 5.243931800000000143e-01
6.661839999999999762e+00 4.959929399999999933e-01
6.668470000000000120e+00 5.349187399999999482e-01
6.675110000000000099e+00 5.093414699999999629e-01
6.681750000000000078e+00 4.908936899999999937e-01
6.688410000000000188e+00 5.216401899999999481e-01
6.695059999999999789e+00 5.136646900000000349e-01
6.701730000000000409e+00 5.383461200000000391e-01
6.708400000000000141e+00 5.546140200000000409e-01
6.715080000000000382e+00 5.786664799999999831e-01
6.721759999999999735e+00 5.087367600000000101e-01
6.728460000000000107e+00 5.581168699999999872e-01
6.735149999999999970e+00 5.925994999999999457e-01
6.741859999999999964e+00 5.486154399999999542e-01
6.748569999999999958e+00 5.828443100000000321e-01
6.755289999999999573e+00 6.384673800000000288e-01
6.762010000000000076e+00 6.406991399999999448e-01
6.768749999999999822e+00 6.539353700000000158e-01
6.775479999999999947e+00 6.917306699999999919e-01
6.782230000000000203e+00 7.196222100000000399e-01
6.788979999999999571e+00 7.465641200000000532e-01
6.795740000000000336e+00 7.523098799999999864e-01
6.802500000000000213e+00 7.797037300000000393e-01
6.809280000000000221e+00 7.664906400000000009e-01
6.816060000000000230e+00 8.000399599999999944e-01
6.822840000000000238e+00 8.069391099999999595e-01
6.829629999999999868e+00 8.441106499999999624e-01
6.836430000000000007e+00 8.907392299999999929e-01
6.843239999999999768e+00 9.748984099999999930e-01
6.850050000000000416e+00 1.009633800000000026e+00
6.856869999999999798e+00 1.099403539999999957e+00
6.863699999999999690e+00 1.169165470000000040e+00
6.870529999999999582e+00 1.297526830000000020e+00
6.877369999999999983e+00 1.316688220000000076e+00
6.884210000000000385e+00 1.500440540000000045e+00
6.891070000000000029e+00 1.577305830000000020e+00
6.897929999999999673e+00 1.614659470000000097e+00
6.904790000000000205e+00 1.596511720000000079e+00
6.911669999999999980e+00 1.684567970000000026e+00
6.918549999999999756e+00 1.748679709999999998e+00
6.925440000000000040e+00 1.724861790000000061e+00
6.932330000000000325e+00 1.707571289999999964e+00
6.939230000000000231e+00 1.627817800000000092e+00
6.946139999999999759e+00 1.469987369999999904e+00
6.953050000000000175e+00 1.402040680000000039e+00
6.959979999999999833e+00 1.399258670000000038e+00
6.966910000000000380e+00 1.266578070000000000e+00
6.973840000000000039e+00 1.099662920000000099e+00
6.980780000000000207e+00 1.115954169999999968e+00
6.987729999999999997e+00 9.446838600000000419e-01
6.994690000000000296e+00 8.476144599999999585e-01
7.001649999999999707e+00 8.004079800000000189e-01
7.008619999999999628e+00 7.322648800000000069e-01
7.015600000000000058e+00 6.363754099999999747e-01
7.022579999999999600e+00 6.641617899999999741e-01
7.029580000000000162e+00 5.752908500000000203e-01
7.036570000000000213e+00 5.514371200000000028e-01
7.043580000000000396e+00 5.359935300000000513e-01
7.050589999999999691e+00 5.726920300000000186e-01
7.057610000000000383e+00 5.341327299999999445e-01
7.064630000000000187e+00 4.862679400000000096e-01
7.071670000000000122e+00 5.012950200000000356e-01
7.078710000000000058e+00 5.414706900000000322e-01
7.085749999999999993e+00 5.162391400000000408e-01
7.092810000000000059e+00 4.475077599999999767e-01
7.099870000000000125e+00 4.847316999999999876e-01
