6.300790000000000113e+00 4.423932199999999759e-01
6.307059999999999889e+00 4.215404899999999899e-01
6.313340000000000174e+00 4.749523399999999729e-01
6.319630000000000081e+00 4.485411999999999733e-01
6.325919999999999987e+00 4.628984800000000011e-01
6.332209999999999894e+00 4.769358899999999735e-01
6.338519999999999932e+00 4.531595999999999957e-01
6.344829999999999970e+00 4.233539399999999842e-01
6.351140000000000008e+00 4.313479599999999747e-01
6.357470000000000176e+00 4.905970299999999895e-01
6.363800000000000345e+00 4.773637299999999861e-01
6.370129999999999626e+00 4.729066100000000050e-01
6.376470000000000304e+00 4.349555299999999791e-01
6.382819999999999716e+00 4.477651899999999796e-01
6.389170000000000016e+00 4.638253399999999749e-01
6.395529999999999937e+00 4.515047799999999945e-01
6.401900000000000368e+00 4.551084300000000082e-01
6.408269999999999911e+00 4.667946099999999987e-01
6.414649999999999963e+00 4.573401400000000061e-01
6.421039999999999637e+00 4.578995200000000043e-01
6.427430000000000199e+00 4.836587900000000051e-01
6.433830000000000382e+00 4.226854199999999784e-01
6.440240000000000187e+00 4.402263499999999885e-01
6.446649999999999991e+00 4.815152400000000110e-01
6.453059999999999796e+00 4.446534100000000267e-01
6.459489999999999732e+00 4.341234600000000166e-01
6.465919999999999668e+00 4.188881300000000252e-01
6.472360000000000113e+00 4.449407000000000223e-01
6.478799999999999670e+00 4.448791999999999747e-01
6.485249999999999737e+00 4.473023600000000100e-01
6.491710000000000313e+00 4.787992099999999751e-01
6.498170000000000002e+00 4.619732799999999862e-01
6.504640000000000200e+00 4.364095700000000244e-01
6.511110000000000397e+00 4.461824500000000082e-01
6.517590000000000217e+00 4.503403699999999898e-01
6.524079999999999657e+00 4.451967399999999797e-01
6.530579999999999607e+00 4.735917499999999780e-01
6.537079999999999558e+00 4.717916899999999858e-01
6.543590000000000018e+00 4.209825700000000004e-01
6.550099999999999589e+00 4.608702000000000076e-01
6.556619999999999671e+00 4.515352300000000096e-01
6.563150000000000261e+00 4.460529400000000089e-01
6.569679999999999964e+00 3.952856799999999726e-01
6.576220000000000176e+00 4.057145400000000124e-01
6.582770000000000010e+00 4.581611800000000012e-01
6.589319999999999844e+00 4.622582499999999817e-01
6.595880000000000187e+00 4.427646700000000268e-01
6.602450000000000152e+00 4.545365399999999889e-01
6.609020000000000117e+00 4.801743099999999931e-01
6.615599999999999703e+00 4.524294200000000266e-01
6.622189999999999799e+00 4.512431599999999765e-01
6.628779999999999895e+00 4.567261400000000027e-01
6.635379999999999612e+00 4.615818600000000105e-01
6.641980000000000217e+00 4.578501400000000165e-01
6.648590000000000444e+00 4.977096500000000034e-01
6.655210000000000292e+00 4.420544699999999771e-01
6.661839999999999762e+00 4.623834299999999842e-01
6.668470000000000120e+00 4.463570099999999985e-01
6.675110000000000099e+00 4.506018199999999863e-01
6.681750000000000078e+00 4.780678199999999767e-01
6.688410000000000188e+00 4.413565700000000036e-01
6.695059999999999789e+00 5.023713400000000551e-01
6.701730000000000409e+00 4.721038300000000021e-01
6.708400000000000141e+00 4.957490600000000192e-01
6.715080000000000382e+00 4.994868499999999822e-01
6.721759999999999735e+00 4.511951000000000156e-01
6.728460000000000107e+00 4.658147100000000207e-01
6.735149999999999970e+00 4.871981000000000228e-01
6.741859999999999964e+00 4.743695299999999837e-01
6.748569999999999958e+00 4.948331699999999889e-01
6.755289999999999573e+00 4.927748599999999812e-01
6.762010000000000076e+00 4.561308600000000268e-01
6.768749999999999822e+00 4.719276600000000266e-01
6.775479999999999947e+00 4.678141699999999736e-01
6.782230000000000203e+00 4.380851599999999735e-01
6.788979999999999571e+00 4.708132099999999820e-01
6.795740000000000336e+00 4.762804299999999769e-01
6.802500000000000213e+00 4.828832699999999756e-01
6.809280000000000221e+00 4.762433099999999753e-01
6.816060000000000230e+00 4.292816899999999936e-01
6.822840000000000238e+00 4.302059699999999931e-01
6.829629999999999868e+00 4.396612799999999877e-01
6.836430000000000007e+00 5.202847800000000023e-01
6.843239999999999768e+00 4.470419600000000160e-01
6.850050000000000416e+00 4.720954299999999826e-01
6.856869999999999798e+00 5.009932999999999748e-01
6.863699999999999690e+00 4.620272899999999794e-01
6.870529999999999582e+00 5.034200199999999681e-01
6.877369999999999983e+00 5.191869399999999857e-01
6.884210000000000385e+00 4.932069499999999773e-01
6.891070000000000029e+00 4.806942599999999843e-01
6.897929999999999673e+00 4.960027499999999923e-01
6.904790000000000205e+00 4.023352199999999934e-01
6.911669999999999980e+00 4.440690899999999997e-01
6.918549999999999756e+00 4.787583799999999834e-01
6.925440000000000040e+00 5.385145099999999463e-01
6.932330000000000325e+00 5.048239100000000423e-01
6.939230000000000231e+00 4.974937300000000229e-01
6.946139999999999759e+00 4.881069000000000102e-01
6.953050000000000175e+00 4.349386800000000219e-01
6.959979999999999833e+00 4.501845300000000272e-01
6.966910000000000380e+00 5.000982200000000377e-01
6.973840000000000039e+00 4.535159899999999800e-01
6.980780000000000207e+00 5.394392199999999971e-01
6.987729999999999997e+00 5.029700299999999569e-01
6.994690000000000296e+00 5.341580000000000217e-01
7.001649999999999707e+00 4.568408700000000100e-01
7.008619999999999628e+00 4.889976999999999796e-01
7.015600000000000058e+00 4.798965099999999984e-01
7.022579999999999600e+00 4.588196199999999836e-01
7.029580000000000162e+00 5.162465999999999999e-01
7.036570000000000213e+00 4.496527100000000110e-01
7.043580000000000396e+00 4.210227999999999748e-01
7.050589999999999691e+00 4.085663199999999828e-01
7.057610000000000383e+00 4.626895699999999945e-01
7.064630000000000187e+00 5.010430599999999846e-01
7.071670000000000122e+00 5.016891799999999568e-01
7.078710000000000058e+00 4.515145999999999882e-01
7.085749999999999993e+00 4.608222000000000151e-01
7.092810000000000059e+00 5.042065999999999493e-01
7.099870000000000125e+00 4.137185500000000182e-01
