6.300790000000000113e+00 4.645188299999999937e-01
6.307059999999999889e+00 4.979327800000000193e-01
6.313340000000000174e+00 4.670028600000000196e-01
6.319630000000000081e+00 4.393712599999999857e-01
6.325919999999999987e+00 4.492680499999999744e-01
6.332209999999999894e+00 4.951109499999999941e-01
6.338519999999999932e+00 4.998436800000000124e-01
6.344829999999999970e+00 4.847898700000000116e-01
6.351140000000000008e+00 4.657993699999999904e-01
6.357470000000000176e+00 4.997712799999999844e-01
6.363800000000000345e+00 4.629752100000000259e-01
6.370129999999999626e+00 4.407243900000000214e-01
6.376470000000000304e+00 4.634516499999999928e-01
6.382819999999999716e+00 4.640055100000000099e-01
6.389170000000000016e+00 4.950852299999999873e-01
6.395529999999999937e+00 4.657259699999999891e-01
6.401900000000000368e+00 4.608098299999999758e-01
6.408269999999999911e+00 4.120442000000000271e-01
6.414649999999999963e+00 4.646360199999999829e-01
6.421039999999999637e+00 4.734079900000000007e-01
6.427430000000000199e+00 4.663011699999999871e-01
6.433830000000000382e+00 4.949318899999999855e-01
6.440240000000000187e+00 4.670902299999999951e-01
6.446649999999999991e+00 4.889818499999999957e-01
6.453059999999999796e+00 4.693396899999999761e-01
6.459489999999999732e+00 4.871243599999999785e-01
6.465919999999999668e+00 4.916133999999999782e-01
6.472360000000000113e+00 4.422492199999999984e-01
6.478799999999999670e+00 4.429010600000000131e-01
6.485249999999999737e+00 4.609154799999999885e-01
6.491710000000000313e+00 4.622833399999999870e-01
6.498170000000000002e+00 4.407372399999999746e-01
6.504640000000000200e+00 4.560164999999999913e-01
6.511110000000000397e+00 4.388105500000000214e-01
6.517590000000000217e+00 4.610413800000000006e-01
6.524079999999999657e+00 4.297805599999999782e-01
6.530579999999999607e+00 4.614982899999999777e-01
6.537079999999999558e+00 4.722437500000000177e-01
6.543590000000000018e+00 5.095419599999999605e-01
6.550099999999999589e+00 4.673274199999999934e-01
6.556619999999999671e+00 4.810250400000000148e-01
6.563150000000000261e+00 4.441822899999999796e-01
6.569679999999999964e+00 4.501071300000000219e-01
6.576220000000000176e+00 4.726614399999999883e-01
6.582770000000000010e+00 5.004758299999999549e-01
6.589319999999999844e+00 4.765675799999999906e-01
6.595880000000000187e+00 4.679534900000000275e-01
6.602450000000000152e+00 4.621994400000000169e-01
6.609020000000000117e+00 4.570741700000000018e-01
6.615599999999999703e+00 4.518969600000000142e-01
6.622189999999999799e+00 4.800422599999999984e-01
6.628779999999999895e+00 4.554464200000000185e-01
6.635379999999999612e+00 4.717733900000000147e-01
6.641980000000000217e+00 5.418827400000000294e-01
6.648590000000000444e+00 5.162281699999999862e-01
6.655210000000000292e+00 4.612254800000000210e-01
6.661839999999999762e+00 4.760015100000000166e-01
6.668470000000000120e+00 4.934685899999999847e-01
6.675110000000000099e+00 5.605476900000000429e-01
6.681750000000000078e+00 4.836346200000000151e-01
6.688410000000000188e+00 4.663230500000000167e-01
6.695059999999999789e+00 5.036692699999999467e-01
6.701730000000000409e+00 4.301572200000000068e-01
6.708400000000000141e+00 4.503634000000000248e-01
6.715080000000000382e+00 4.937660999999999856e-01
6.721759999999999735e+00 4.829322400000000126e-01
6.728460000000000107e+00 4.817872999999999739e-01
6.735149999999999970e+00 4.546790099999999946e-01
6.741859999999999964e+00 4.471936300000000086e-01
6.748569999999999958e+00 4.607212399999999763e-01
6.755289999999999573e+00 4.541623599999999872e-01
6.762010000000000076e+00 5.082093699999999936e-01
6.768749999999999822e+00 4.426062000000000052e-01
6.775479999999999947e+00 5.305688800000000205e-01
6.782230000000000203e+00 4.941859399999999902e-01
6.788979999999999571e+00 4.718606599999999873e-01
6.795740000000000336e+00 4.700653799999999771e-01
6.802500000000000213e+00 4.461742300000000050e-01
6.809280000000000221e+00 4.398681199999999736e-01
6.816060000000000230e+00 5.208374300000000456e-01
6.822840000000000238e+00 5.240174800000000355e-01
6.829629999999999868e+00 5.296727199999999858e-01
6.836430000000000007e+00 4.795898699999999737e-01
6.843239999999999768e+00 4.966300300000000001e-01
6.850050000000000416e+00 4.722856999999999750e-01
6.856869999999999798e+00 5.566167300000000040e-01
6.863699999999999690e+00 4.985557899999999987e-01
6.870529999999999582e+00 5.079087300000000305e-01
6.877369999999999983e+00 4.955246899999999899e-01
6.884210000000000385e+00 4.199186899999999834e-01
6.891070000000000029e+00 4.744102599999999725e-01
6.897929999999999673e+00 5.443740200000000140e-01
6.904790000000000205e+00 4.899448100000000084e-01
6.911669999999999980e+00 5.515300300000000044e-01
6.918549999999999756e+00 4.974968200000000063e-01
6.925440000000000040e+00 5.274259799999999609e-01
6.932330000000000325e+00 5.522955699999999579e-01
6.939230000000000231e+00 4.770921699999999821e-01
6.946139999999999759e+00 4.891947400000000168e-01
6.953050000000000175e+00 4.293746900000000033e-01
6.959979999999999833e+00 4.418428099999999747e-01
6.966910000000000380e+00 5.117762399999999934e-01
6.973840000000000039e+00 4.700949899999999904e-01
6.980780000000000207e+00 4.575046400000000180e-01
6.987729999999999997e+00 4.986889199999999800e-01
6.994690000000000296e+00 4.411206200000000188e-01
7.001649999999999707e+00 4.744924899999999890e-01
7.008619999999999628e+00 5.285141399999999656e-01
7.015600000000000058e+00 5.279125500000000359e-01
7.022579999999999600e+00 4.397379200000000044e-01
7.029580000000000162e+00 4.863289199999999979e-01
7.036570000000000213e+00 4.593684199999999995e-01
7.043580000000000396e+00 4.901897199999999954e-01
7.050589999999999691e+00 4.849149799999999955e-01
7.057610000000000383e+00 5.591913600000000262e-01
7.064630000000000187e+00 4.698210600000000126e-01
7.071670000000000122e+00 4.386395599999999839e-01
7.078710000000000058e+00 5.474393899999999702e-01
7.085749999999999993e+00 4.846461599999999925e-01
7.092810000000000059e+00 4.947425999999999768e-01
7.099870000000000125e+00 4.954604499999999967e-01
