6.300790000000000113e+00 4.680626399999999743e-01
6.307059999999999889e+00 4.609267899999999751e-01
6.313340000000000174e+00 4.562022299999999864e-01
6.319630000000000081e+00 4.764533400000000030e-01
6.325919999999999987e+00 4.260328999999999922e-01
6.332209999999999894e+00 4.283872000000000235e-01
6.338519999999999932e+00 4.397581999999999880e-01
6.344829999999999970e+00 4.701296999999999837e-01
6.351140000000000008e+00 4.784602299999999864e-01
6.357470000000000176e+00 4.727803199999999761e-01
6.363800000000000345e+00 4.530669199999999841e-01
6.370129999999999626e+00 4.783739100000000133e-01
6.376470000000000304e+00 5.061369399999999796e-01
6.382819999999999716e+00 4.422267799999999860e-01
6.389170000000000016e+00 4.946087000000000122e-01
6.395529999999999937e+00 4.873520499999999811e-01
6.401900000000000368e+00 4.848494899999999941e-01
6.408269999999999911e+00 4.751884900000000189e-01
6.414649999999999963e+00 4.632290600000000258e-01
6.421039999999999637e+00 4.479875099999999777e-01
6.427430000000000199e+00 4.318690099999999976e-01
6.433830000000000382e+00 4.501910000000000078e-01
6.440240000000000187e+00 4.332864599999999844e-01
6.446649999999999991e+00 5.040324400000000260e-01
6.453059999999999796e+00 4.919169500000000195e-01
6.459489999999999732e+00 4.603668599999999889e-01
6.465919999999999668e+00 4.682679000000000147e-01
6.472360000000000113e+00 4.655187299999999917e-01
6.478799999999999670e+00 4.176135999999999737e-01
6.485249999999999737e+00 4.956312700000000127e-01
6.491710000000000313e+00 4.661979700000000171e-01
6.498170000000000002e+00 4.694332700000000136e-01
6.504640000000000200e+00 5.169602399999999598e-01
6.511110000000000397e+00 4.462266899999999814e-01
6.517590000000000217e+00 4.613900400000000013e-01
6.524079999999999657e+00 4.279433799999999843e-01
6.530579999999999607e+00 4.899970000000000159e-01
6.537079999999999558e+00 4.703768400000000183e-01
6.543590000000000018e+00 4.790850500000000123e-01
6.550099999999999589e+00 5.067796599999999652e-01
6.556619999999999671e+00 4.577105599999999885e-01
6.563150000000000261e+00 4.911484899999999931e-01
6.569679999999999964e+00 4.570021699999999854e-01
6.576220000000000176e+00 4.763376899999999803e-01
6.582770000000000010e+00 5.347453599999999474e-01
6.589319999999999844e+00 4.918323000000000000e-01
6.595880000000000187e+00 4.931859100000000051e-01
6.602450000000000152e+00 4.780306599999999961e-01
6.609020000000000117e+00 4.384175399999999945e-01
6.615599999999999703e+00 4.729305100000000261e-01
6.622189999999999799e+00 5.070196500000000439e-01
6.628779999999999895e+00 4.832591199999999865e-01
6.635379999999999612e+00 5.409253400000000322e-01
6.641980000000000217e+00 5.908170400000000155e-01
6.648590000000000444e+00 5.086979600000000046e-01
6.655210000000000292e+00 5.034497900000000081e-01
6.661839999999999762e+00 4.952266900000000249e-01
6.668470000000000120e+00 5.752897999999999623e-01
6.675110000000000099e+00 5.218114000000000363e-01
6.681750000000000078e+00 4.967527299999999757e-01
6.688410000000000188e+00 5.248187199999999608e-01
6.695059999999999789e+00 4.910686200000000112e-01
6.701730000000000409e+00 5.245711499999999861e-01
6.708400000000000141e+00 5.405256699999999581e-01
6.715080000000000382e+00 5.534831099999999449e-01
6.721759999999999735e+00 5.091290699999999614e-01
6.728460000000000107e+00 4.686128199999999855e-01
6.735149999999999970e+00 5.256113799999999614e-01
6.741859999999999964e+00 5.342118200000000039e-01
6.748569999999999958e+00 5.753606999999999472e-01
6.755289999999999573e+00 5.819652699999999790e-01
6.762010000000000076e+00 5.450275300000000378e-01
6.768749999999999822e+00 5.900581499999999480e-01
6.775479999999999947e+00 6.420034799999999597e-01
6.782230000000000203e+00 5.938646699999999834e-01
6.788979999999999571e+00 5.626886500000000124e-01
6.795740000000000336e+00 6.312544900000000014e-01
6.802500000000000213e+00 6.078564699999999821e-01
6.809280000000000221e+00 6.617545200000000127e-01
6.816060000000000230e+00 6.347768299999999586e-01
6.822840000000000238e+00 6.313745600000000291e-01
6.829629999999999868e+00 6.434353099999999825e-01
6.836430000000000007e+00 6.174688200000000293e-01
6.843239999999999768e+00 6.487819900000000306e-01
6.850050000000000416e+00 6.992825200000000185e-01
6.856869999999999798e+00 6.596391700000000524e-01
6.863699999999999690e+00 7.556124499999999911e-01
6.870529999999999582e+00 7.830247299999999466e-01
6.877369999999999983e+00 8.618561599999999823e-01
6.884210000000000385e+00 8.677351800000000503e-01
6.891070000000000029e+00 9.333965199999999518e-01
6.897929999999999673e+00 9.032847400000000304e-01
6.904790000000000205e+00 1.008931189999999978e+00
6.911669999999999980e+00 1.035089820000000049e+00
6.918549999999999756e+00 9.795487999999999973e-01
6.925440000000000040e+00 9.934741299999999553e-01
6.932330000000000325e+00 9.706864699999999679e-01
6.939230000000000231e+00 9.907312499999999522e-01
6.946139999999999759e+00 8.912218100000000032e-01
6.953050000000000175e+00 8.808632600000000368e-01
6.959979999999999833e+00 8.180894100000000169e-01
6.966910000000000380e+00 7.609974900000000542e-01
6.973840000000000039e+00 7.668625900000000106e-01
6.980780000000000207e+00 7.034792100000000215e-01
6.987729999999999997e+00 7.293912399999999963e-01
6.994690000000000296e+00 5.891513900000000525e-01
7.001649999999999707e+00 5.803558899999999854e-01
7.008619999999999628e+00 5.886897800000000514e-01
7.015600000000000058e+00 5.904391100000000447e-01
7.022579999999999600e+00 5.157700499999999799e-01
7.029580000000000162e+00 5.683901599999999776e-01
7.036570000000000213e+00 4.925151899999999916e-01
7.043580000000000396e+00 5.092548799999999654e-01
7.050589999999999691e+00 4.652832199999999974e-01
7.057610000000000383e+00 5.733051599999999803e-01
7.064630000000000187e+00 4.596646300000000185e-01
7.071670000000000122e+00 4.661032199999999848e-01
7.078710000000000058e+00 4.368692499999999868e-01
7.085749999999999993e+00 4.955950499999999814e-01
7.092810000000000059e+00 4.708848999999999951e-01
7.099870000000000125e+00 5.302851200000000542e-01
