6.300790000000000113e+00 4.313749900000000137e-01
6.307059999999999889e+00 4.686439700000000208e-01
6.313340000000000174e+00 4.246399200000000040e-01
6.319630000000000081e+00 4.442480799999999896e-01
6.325919999999999987e+00 4.355605200000000066e-01
6.332209999999999894e+00 4.833273200000000047e-01
6.338519999999999932e+00 4.449178899999999826e-01
6.344829999999999970e+00 4.621170399999999789e-01
6.351140000000000008e+00 4.294409100000000090e-01
6.357470000000000176e+00 3.920510799999999962e-01
6.363800000000000345e+00 4.084995100000000101e-01
6.370129999999999626e+00 4.706524899999999789e-01
6.376470000000000304e+00 4.139315100000000025e-01
6.382819999999999716e+00 4.591319200000000267e-01
6.389170000000000016e+00 4.283548799999999934e-01
6.395529999999999937e+00 4.088422899999999971e-01
6.401900000000000368e+00 4.141252400000000056e-01
6.408269999999999911e+00 4.486379200000000234e-01
6.414649999999999963e+00 4.435877500000000029e-01
6.421039999999999637e+00 4.698073899999999914e-01
6.427430000000000199e+00 4.296407999999999894e-01
6.433830000000000382e+00 4.636497299999999822e-01
6.440240000000000187e+00 4.512814199999999887e-01
6.446649999999999991e+00 4.517429399999999817e-01
6.453059999999999796e+00 4.474778899999999893e-01
6.459489999999999732e+00 4.573959599999999903e-01
6.465919999999999668e+00 4.298853300000000099e-01
6.472360000000000113e+00 4.573848200000000253e-01
6.478799999999999670e+00 4.802675699999999770e-01
6.485249999999999737e+00 4.055869400000000069e-01
6.491710000000000313e+00 4.555095000000000116e-01
6.498170000000000002e+00 4.625476000000000032e-01
6.504640000000000200e+00 4.984251499999999835e-01
6.511110000000000397e+00 4.936970999999999998e-01
6.517590000000000217e+00 4.738686100000000234e-01
6.524079999999999657e+00 4.878825500000000259e-01
6.530579999999999607e+00 4.250466800000000100e-01
6.537079999999999558e+00 4.262128600000000267e-01
6.543590000000000018e+00 5.034782899999999950e-01
6.550099999999999589e+00 4.148350800000000227e-01
6.556619999999999671e+00 4.828076800000000168e-01
6.563150000000000261e+00 5.141019700000000192e-01
6.569679999999999964e+00 4.790186100000000113e-01
6.576220000000000176e+00 4.884251800000000143e-01
6.582770000000000010e+00 5.263308300000000273e-01
6.589319999999999844e+00 5.156311999999999562e-01
6.595880000000000187e+00 4.934277100000000194e-01
6.602450000000000152e+00 4.612795299999999932e-01
6.609020000000000117e+00 5.261413999999999813e-01
6.615599999999999703e+00 5.603159899999999860e-01
6.622189999999999799e+00 5.290763899999999520e-01
6.628779999999999895e+00 5.507534200000000491e-01
6.635379999999999612e+00 4.854692800000000030e-01
6.641980000000000217e+00 5.413174299999999883e-01
6.648590000000000444e+00 5.619648999999999894e-01
6.655210000000000292e+00 5.506674400000000080e-01
6.661839999999999762e+00 5.318703099999999573e-01
6.668470000000000120e+00 5.435755300000000290e-01
6.675110000000000099e+00 4.969360299999999731e-01
6.681750000000000078e+00 5.896675300000000508e-01
6.688410000000000188e+00 5.318295800000000240e-01
6.695059999999999789e+00 5.191061900000000229e-01
6.701730000000000409e+00 5.346269000000000160e-01
6.708400000000000141e+00 6.053071399999999658e-01
6.715080000000000382e+00 5.941023500000000013e-01
6.721759999999999735e+00 5.571904800000000435e-01
6.728460000000000107e+00 5.864639200000000274e-01
6.735149999999999970e+00 5.468342099999999872e-01
6.741859999999999964e+00 5.462230900000000222e-01
6.748569999999999958e+00 6.285218200000000088e-01
6.755289999999999573e+00 5.943094700000000064e-01
6.762010000000000076e+00 6.494251699999999961e-01
6.768749999999999822e+00 6.526150600000000246e-01
6.775479999999999947e+00 6.894927100000000086e-01
6.782230000000000203e+00 6.454777900000000512e-01
6.788979999999999571e+00 7.276445999999999747e-01
6.795740000000000336e+00 7.112476699999999985e-01
6.802500000000000213e+00 7.195902899999999658e-01
6.809280000000000221e+00 7.553588199999999864e-01
6.816060000000000230e+00 7.744180299999999795e-01
6.822840000000000238e+00 7.644254799999999905e-01
6.829629999999999868e+00 8.292015400000000147e-01
6.836430000000000007e+00 8.878424000000000316e-01
6.843239999999999768e+00 9.243135999999999575e-01
6.850050000000000416e+00 9.226083800000000057e-01
6.856869999999999798e+00 1.058309409999999895e+00
6.863699999999999690e+00 1.094093659999999968e+00
6.870529999999999582e+00 1.172554080000000054e+00
6.877369999999999983e+00 1.217755329999999914e+00
6.884210000000000385e+00 1.335747409999999968e+00
6.891070000000000029e+00 1.531503870000000100e+00
6.897929999999999673e+00 1.508163060000000000e+00
6.904790000000000205e+00 1.639669110000000041e+00
6.911669999999999980e+00 1.625842830000000072e+00
6.918549999999999756e+00 1.671122849999999938e+00
6.925440000000000040e+00 1.687467719999999893e+00
6.932330000000000325e+00 1.670336760000000087e+00
6.939230000000000231e+00 1.536927340000000086e+00
6.946139999999999759e+00 1.314018020000000009e+00
6.953050000000000175e+00 1.368611749999999905e+00
6.959979999999999833e+00 1.219782810000000106e+00
6.966910000000000380e+00 1.166646470000000102e+00
6.973840000000000039e+00 1.097028569999999981e+00
6.980780000000000207e+00 9.221879600000000288e-01
6.987729999999999997e+00 7.914634900000000473e-01
6.994690000000000296e+00 7.678056300000000167e-01
7.001649999999999707e+00 7.925223300000000526e-01
7.008619999999999628e+00 6.619950900000000082e-01
7.015600000000000058e+00 6.612607499999999527e-01
7.022579999999999600e+00 6.228586499999999582e-01
7.029580000000000162e+00 6.422333599999999754e-01
7.036570000000000213e+00 5.976318499999999645e-01
7.043580000000000396e+00 5.955400499999999875e-01
7.050589999999999691e+00 5.205748799999999621e-01
7.057610000000000383e+00 5.369949099999999920e-01
7.064630000000000187e+00 5.440151100000000239e-01
7.071670000000000122e+00 5.150141599999999986e-01
7.078710000000000058e+00 5.324313999999999991e-01
7.085749999999999993e+00 4.811487799999999981e-01
7.092810000000000059e+00 5.147786199999999646e-01
7.099870000000000125e+00 5.520530000000000159e-01
