6.300790000000000113e+00 4.379993500000000095e-01
6.307059999999999889e+00 4.450729399999999725e-01
6.313340000000000174e+00 4.199338100000000185e-01
6.319630000000000081e+00 4.066954999999999876e-01
6.325919999999999987e+00 4.187778600000000018e-01
6.332209999999999894e+00 4.146980000000000111e-01
6.338519999999999932e+00 4.516947199999999940e-01
6.344829999999999970e+00 4.269298200000000154e-01
6.351140000000000008e+00 4.453552499999999803e-01
6.357470000000000176e+00 4.322443300000000099e-01
6.363800000000000345e+00 4.946573000000000220e-01
6.370129999999999626e+00 4.962362200000000056e-01
6.376470000000000304e+00 4.311005800000000110e-01
6.382819999999999716e+00 4.247960700000000256e-01
6.389170000000000016e+00 4.276704199999999956e-01
6.395529999999999937e+00 4.615308000000000188e-01
6.401900000000000368e+00 4.854051799999999917e-01
6.408269999999999911e+00 4.802086600000000094e-01
6.414649999999999963e+00 4.593086800000000247e-01
6.421039999999999637e+00 4.702996899999999925e-01
6.427430000000000199e+00 4.395110500000000142e-01
6.433830000000000382e+00 5.002558299999999569e-01
6.440240000000000187e+00 4.264347499999999735e-01
6.446649999999999991e+00 4.390724899999999820e-01
6.453059999999999796e+00 4.630142300000000266e-01
6.459489999999999732e+00 4.478180099999999886e-01
6.465919999999999668e+00 4.774871500000000268e-01
6.472360000000000113e+00 4.354589799999999955e-01
6.478799999999999670e+00 4.585538699999999745e-01
6.485249999999999737e+00 4.328522899999999729e-01
6.491710000000000313e+00 4.487549100000000069e-01
6.498170000000000002e+00 4.311946600000000074e-01
6.504640000000000200e+00 4.111716000000000260e-01
6.511110000000000397e+00 4.849730800000000008e-01
6.517590000000000217e+00 4.361550699999999781e-01
6.524079999999999657e+00 4.496216100000000049e-01
6.530579999999999607e+00 4.157110399999999761e-01
6.537079999999999558e+00 3.916272000000000086e-01
6.543590000000000018e+00 4.607206799999999935e-01
6.550099999999999589e+00 5.254941400000000540e-01
6.556619999999999671e+00 4.930697499999999733e-01
6.563150000000000261e+00 4.528853899999999988e-01
6.569679999999999964e+00 5.199688900000000169e-01
6.576220000000000176e+00 5.059708800000000117e-01
6.582770000000000010e+00 4.929860999999999827e-01
6.589319999999999844e+00 5.340369400000000155e-01
6.595880000000000187e+00 5.710575599999999641e-01
6.602450000000000152e+00 4.686005100000000256e-01
6.609020000000000117e+00 5.699937699999999552e-01
6.615599999999999703e+00 5.657262600000000363e-01
6.622189999999999799e+00 5.503015199999999885e-01
6.628779999999999895e+00 5.201111099999999876e-01
6.635379999999999612e+00 5.052006900000000078e-01
6.641980000000000217e+00 5.644699100000000191e-01
6.648590000000000444e+00 5.029384799999999656e-01
6.655210000000000292e+00 5.558178200000000180e-01
6.661839999999999762e+00 4.449034199999999939e-01
6.668470000000000120e+00 4.845139199999999868e-01
6.675110000000000099e+00 4.527787799999999918e-01
6.681750000000000078e+00 4.874441099999999860e-01
6.688410000000000188e+00 5.195544600000000512e-01
6.695059999999999789e+00 5.695065499999999448e-01
6.701730000000000409e+00 5.524499800000000072e-01
6.708400000000000141e+00 5.391725200000000440e-01
6.715080000000000382e+00 5.555622199999999955e-01
6.721759999999999735e+00 5.358880999999999784e-01
6.728460000000000107e+00 6.026445999999999747e-01
6.735149999999999970e+00 6.291317199999999499e-01
6.741859999999999964e+00 5.624571099999999824e-01
6.748569999999999958e+00 6.209886399999999806e-01
6.755289999999999573e+00 5.378676999999999486e-01
6.762010000000000076e+00 6.226365299999999658e-01
6.768749999999999822e+00 6.378775899999999943e-01
6.775479999999999947e+00 6.630357300000000453e-01
6.782230000000000203e+00 6.371192399999999756e-01
6.788979999999999571e+00 6.621328899999999740e-01
6.795740000000000336e+00 7.356453899999999546e-01
6.802500000000000213e+00 7.151367600000000380e-01
6.809280000000000221e+00 7.106845699999999599e-01
6.816060000000000230e+00 7.045532599999999590e-01
6.822840000000000238e+00 7.171830200000000044e-01
6.829629999999999868e+00 8.113281700000000152e-01
6.836430000000000007e+00 8.551919399999999838e-01
6.843239999999999768e+00 9.113343699999999492e-01
6.850050000000000416e+00 8.144618200000000030e-01
6.856869999999999798e+00 1.011231329999999984e+00
6.863699999999999690e+00 1.044613879999999995e+00
6.870529999999999582e+00 1.031308300000000067e+00
6.877369999999999983e+00 1.165998539999999917e+00
6.884210000000000385e+00 1.297482250000000059e+00
6.891070000000000029e+00 1.282615129999999937e+00
6.897929999999999673e+00 1.427192830000000079e+00
6.904790000000000205e+00 1.377742940000000083e+00
6.911669999999999980e+00 1.533642079999999908e+00
6.918549999999999756e+00 1.506525639999999999e+00
6.925440000000000040e+00 1.430555990000000000e+00
6.932330000000000325e+00 1.502137099999999892e+00
6.939230000000000231e+00 1.395354690000000009e+00
6.946139999999999759e+00 1.304844850000000056e+00
6.953050000000000175e+00 1.263840150000000051e+00
6.959979999999999833e+00 1.296012570000000030e+00
6.966910000000000380e+00 1.099895639999999952e+00
6.973840000000000039e+00 1.001657119999999956e+00
6.980780000000000207e+00 9.184618500000000241e-01
6.987729999999999997e+00 8.035309099999999871e-01
6.994690000000000296e+00 7.685598999999999625e-01
7.001649999999999707e+00 6.668216700000000330e-01
7.008619999999999628e+00 6.053813099999999503e-01
7.015600000000000058e+00 6.071096299999999557e-01
7.022579999999999600e+00 5.378503000000000034e-01
7.029580000000000162e+00 6.204458699999999549e-01
7.036570000000000213e+00 5.607819499999999735e-01
7.043580000000000396e+00 6.051059199999999638e-01
7.050589999999999691e+00 5.453464599999999773e-01
7.057610000000000383e+00 4.294624699999999851e-01
7.064630000000000187e+00 5.141449599999999842e-01
7.071670000000000122e+00 4.937231200000000153e-01
7.078710000000000058e+00 4.321888899999999922e-01
7.085749999999999993e+00 4.702041100000000085e-01
7.092810000000000059e+00 4.971387500000000181e-01
7.099870000000000125e+00 5.363190799999999481e-01
